Original Matrix
9 7 1 4 
4 5 8 6 
8 4 9 4 
7 1 2 7 

Normalized Matrix
1.96396 1.52753 0.218218 0.872872 
0.834058 1.04257 1.66812 1.25109 
1.6 0.8 1.8 0.8 
1.69775 0.242536 0.485071 1.69775 

Gram Shmidt Matrix
1.96396 1.52753 0.218218 0.872872 
-0.48086 0.0198585 1.52201 0.666679 
0.474224 -0.407195 0.348547 -0.44155 
0.298579 -0.846991 -0.280299 0.880505 

Final Matrix
0.917441 0.713565 0.101938 0.407751 
-0.365835 0.0151082 1.15794 0.507205 
-nan -nan -nan -nan 
1.31195 -3.72166 -1.23163 3.86892 

